"schoolid","schoolname","calendaryear","academicyear","factotal","facmen","facwomen","facother","facminority","ftfactotal","ftfacmen","ftfacwomen","ftfacother","ftfacminority","nonftfactotal","nonftfacmen","nonftfacwomen","nonftfacother","nonftfacminority","totallibrarian","ftlibrarian","ptlibrarian","totaladmin","ftadmin","ptadmin"
"00100300","Faulkner University","2017","2016","51","31","20","0","7","26","16","10","0","3","25","15","10","0","4","","","","","",""
"00100300","Faulkner University","2018","2017","33","23","10","0","4","22","16","6","0","3","11","7","4","0","1","4","4","0","13","12","1"
"00100300","Faulkner University","2019","2018","30","20","10","0","4","21","15","6","0","3","9","5","4","0","1","4","4","0","12","11","1"
"00103600","Samford University","2017","2016","70","45","25","0","10","25","17","8","0","6","45","28","17","0","4","","","","","",""
"00103600","Samford University","2018","2017","58","39","19","0","7","21","14","7","0","4","37","25","12","0","3","7","7","0","5","5","0"
"00103600","Samford University","2019","2018","48","33","15","0","6","19","12","7","0","4","29","21","8","0","2","7","7","0","14","14","0"
"00105100","University of Alabama","2017","2016","103","74","29","0","11","45","26","19","0","9","58","48","10","0","2","","","","","",""
"00105100","University of Alabama","2018","2017","103","70","33","0","12","43","24","19","0","9","60","46","14","0","3","9","8","1","21","19","2"
"00105100","University of Alabama","2019","2018","101","68","33","0","15","45","24","21","0","12","56","44","12","0","3","9","8","1","12","12","0"
"00108100","Arizona State University","2017","2016","184","125","59","0","25","69","39","30","0","14","115","86","29","0","11","","","","","",""
"00108100","Arizona State University","2018","2017","208","142","66","0","40","62","36","26","0","15","146","106","40","0","25","6","6","0","29","28","1"
"00108100","Arizona State University","2019","2018","205","141","64","0","37","67","40","27","0","17","138","101","37","0","20","4","4","0","32","28","4"
"00108300","University of Arizona","2017","2016","167","93","74","0","23","50","26","24","0","11","117","67","50","0","12","","","","","",""
"00108300","University of Arizona","2018","2017","155","95","60","0","25","48","23","25","0","10","107","72","35","0","15","8","8","0","35","34","1"
"00108300","University of Arizona","2019","2018","139","77","62","0","25","47","20","27","0","12","92","57","35","0","13","5","5","0","28","28","0"
"00110101","University of Arkansas-Little Rock","2017","2016","99","53","46","0","17","25","13","12","0","6","74","40","34","0","11","","","","","",""
"00110101","University of Arkansas-Little Rock","2018","2017","107","60","47","0","18","28","13","15","0","8","79","47","32","0","10","5","5","0","9","9","0"
"00110101","University of Arkansas-Little Rock","2019","2018","90","43","47","0","12","28","12","16","0","6","62","31","31","0","6","6","6","0","9","9","0"
"00110800","University of Arkansas-Fayetteville","2017","2016","85","45","40","0","12","49","22","27","0","11","36","23","13","0","1","","","","","",""
"00110800","University of Arkansas-Fayetteville","2018","2017","80","46","34","0","10","45","21","24","0","8","35","25","10","0","2","5","5","0","1","1","0"
"00110800","University of Arkansas-Fayetteville","2019","2018","74","41","33","0","8","37","18","19","0","6","37","23","14","0","2","4","4","0","1","1","0"
"00116453","Chapman University","2017","2016","118","82","36","0","10","50","30","20","0","7","68","52","16","0","3","","","","","",""
"00116453","Chapman University","2018","2017","110","67","43","0","8","43","25","18","0","6","67","42","25","0","2","8","8","0","1","1","0"
"00116453","Chapman University","2019","2018","118","68","50","0","19","42","24","18","0","7","76","44","32","0","12","6","6","0","0","0","0"
"00120529","Golden Gate University","2017","2016","120","56","64","0","24","32","14","18","0","9","88","42","46","0","15","","","","","",""
"00120529","Golden Gate University","2018","2017","122","60","62","0","25","31","12","19","0","8","91","48","43","0","17","4","4","0","19","19","0"
"00120529","Golden Gate University","2019","2018","136","72","64","0","29","32","13","19","0","8","104","59","45","0","21","4","4","0","22","22","0"
"00121601","University of La Verne","2017","2016","54","33","21","0","17","21","13","8","0","7","33","20","13","0","10","","","","","",""
"00121601","University of La Verne","2018","2017","67","41","26","0","21","22","14","8","0","7","45","27","18","0","14","1","1","0","8","8","0"
"00121601","University of La Verne","2019","2018","62","33","29","0","20","25","11","14","0","7","37","22","15","0","13","1","1","0","10","10","0"
"00129500","Southwestern Law School","2017","2016","147","84","63","0","39","62","31","31","0","16","85","53","32","0","23","","","","","",""
"00129500","Southwestern Law School","2018","2017","139","80","59","0","37","56","31","25","0","14","83","49","34","0","23","6","6","0","30","30","0"
"00129500","Southwestern Law School","2019","2018","140","74","66","0","40","56","27","29","0","12","84","47","37","0","28","6","6","0","33","33","0"
"00130503","Stanford University","2017","2016","218","130","88","0","42","110","64","46","0","23","108","66","42","0","19","","","","","",""
"00130503","Stanford University","2018","2017","210","125","85","0","39","104","62","42","0","19","106","63","43","0","20","14","14","0","24","24","0"
"00130503","Stanford University","2019","2018","204","124","80","0","39","106","58","48","0","22","98","66","32","0","17","14","14","0","31","31","0"
"00131273","University of California-Berkeley","2017","2016","306","177","129","0","60","103","55","48","0","24","203","122","81","0","36","","","","","",""
"00131273","University of California-Berkeley","2018","2017","275","162","113","0","50","93","47","46","0","21","182","115","67","0","29","7","7","0","10","10","0"
"00131273","University of California-Berkeley","2019","2018","291","170","120","1","53","79","42","37","0","18","212","128","83","1","35","9","9","0","10","10","0"
"00131373","University of California-Davis","2017","2016","111","64","47","0","39","51","25","26","0","22","60","39","21","0","17","","","","","",""
"00131373","University of California-Davis","2018","2017","97","54","43","0","37","49","27","22","0","24","48","27","21","0","13","6","6","0","20","20","0"
"00131373","University of California-Davis","2019","2018","121","71","50","0","39","42","24","18","0","20","79","47","32","0","19","6","6","0","22","22","0"
"00131400","University of California-Irvine","2017","2016","117","67","50","0","27","50","28","22","0","13","67","39","28","0","14","","","","","",""
"00131400","University of California-Irvine","2018","2017","119","61","58","0","29","48","26","22","0","14","71","35","36","0","15","9","9","0","24","23","1"
"00131400","University of California-Irvine","2019","2018","130","60","70","0","27","57","27","30","0","10","73","33","40","0","17","9","9","0","28","27","1"
"00131500","University of California-Los Angeles","2017","2016","204","115","89","0","42","104","59","45","0","21","100","56","44","0","21","","","","","",""
"00131500","University of California-Los Angeles","2018","2017","221","120","101","0","43","108","60","48","0","23","113","60","53","0","20","18","18","0","29","29","0"
"00131500","University of California-Los Angeles","2019","2018","213","120","93","0","49","113","65","48","0","25","100","55","45","0","24","18","18","0","16","16","0"
"00132500","University of San Francisco","2017","2016","104","60","44","0","28","47","23","24","0","18","57","37","20","0","10","","","","","",""
"00132500","University of San Francisco","2018","2017","112","62","50","0","24","40","16","24","0","11","72","46","26","0","13","6","5","1","18","18","0"
"00132500","University of San Francisco","2019","2018","91","47","44","0","24","40","15","25","0","13","51","32","19","0","11","5","5","0","15","15","0"
"00132600","Santa Clara University","2017","2016","168","85","69","14","26","59","27","32","0","15","109","58","37","14","11","","","","","",""
"00132600","Santa Clara University","2018","2017","178","92","76","10","37","53","25","28","0","16","125","67","48","10","21","5","5","0","3","3","0"
"00132600","Santa Clara University","2019","2018","187","87","88","12","38","52","24","28","0","17","135","63","60","12","21","5","5","0","4","3","1"
"00132800","University of Southern California","2017","2016","187","124","63","0","27","58","30","28","0","13","129","94","35","0","14","","","","","",""
"00132800","University of Southern California","2018","2017","184","129","55","0","26","52","30","22","0","11","132","99","33","0","15","10","9","1","35","34","1"
"00132800","University of Southern California","2019","2018","186","123","63","0","27","51","27","24","0","9","135","96","39","0","18","9","9","0","28","28","0"
"00132901","McGeorge School of Law","2017","2016","114","75","39","0","16","44","24","20","0","7","70","51","19","0","9","","","","","",""
"00132901","McGeorge School of Law","2018","2017","105","69","36","0","12","42","24","18","0","6","63","45","18","0","6","4","3","1","22","17","5"
"00132901","McGeorge School of Law","2019","2018","102","65","37","0","9","39","25","14","0","5","63","40","23","0","4","4","3","1","17","12","5"
"00134201","Whittier Law School","2017","2016","55","34","21","0","13","27","12","15","0","5","28","22","6","0","8","","","","","",""
"00134201","Whittier Law School","2018","2017","39","21","18","0","9","16","5","11","0","5","23","16","7","0","4","3","3","0","9","8","1"
"00137000","University of Colorado","2017","2016","168","100","68","0","23","64","32","32","0","15","104","68","36","0","8","","","","","",""
"00137000","University of Colorado","2018","2017","122","74","48","0","22","58","33","25","0","13","64","41","23","0","9","9","9","0","25","22","3"
"00137000","University of Colorado","2019","2018","122","75","46","1","24","62","32","30","0","16","60","43","16","1","8","10","10","0","19","16","3"
"00137100","University of Denver","2017","2016","354","218","135","0","36","85","43","42","0","18","269","175","93","0","18","","","","","",""
"00137100","University of Denver","2018","2017","170","103","66","1","23","70","35","35","0","15","100","68","31","1","8","6","6","0","4","2","2"
"00137100","University of Denver","2019","2018","150","86","64","0","24","66","30","36","0","15","84","56","28","0","9","9","7","2","4","2","2"
"00140201","Quinnipiac University","2017","2016","95","56","39","0","7","29","17","12","0","3","66","39","27","0","4","","","","","",""
"00140201","Quinnipiac University","2018","2017","98","61","37","0","6","28","17","11","0","3","70","44","26","0","3","6","4","2","10","10","0"
"00140201","Quinnipiac University","2019","2018","100","63","37","0","8","31","19","12","0","4","69","44","25","0","4","6","4","2","10","10","0"
"00141706","University of Connecticut","2017","2016","159","109","49","0","11","48","29","19","0","7","111","80","30","0","4","","","","","",""
"00141706","University of Connecticut","2018","2017","157","99","58","0","18","48","29","19","0","7","109","70","39","0","11","8","8","0","10","10","0"
"00141706","University of Connecticut","2019","2018","159","103","56","0","21","49","28","21","0","9","110","75","35","0","12","9","9","0","11","11","0"
"00142600","Yale University","2017","2016","259","178","81","0","31","99","65","34","0","18","160","113","47","0","13","","","","","",""
"00142600","Yale University","2018","2017","257","167","90","0","30","93","62","31","0","20","164","105","59","0","10","23","21","2","16","16","0"
"00142600","Yale University","2019","2018","249","155","94","0","35","92","55","37","0","21","157","100","57","0","14","23","20","3","11","11","0"
"00143401","American University","2017","2016","390","225","165","0","74","94","44","50","0","26","296","181","115","0","48","","","","","",""
"00143401","American University","2018","2017","366","221","145","0","74","80","38","42","0","25","286","183","103","0","49","7","7","0","23","23","0"
"00143401","American University","2019","2018","314","177","137","0","63","73","35","38","0","21","241","142","99","0","42","11","7","4","15","15","0"
"00143711","Catholic University of America","2017","2016","111","75","36","0","15","37","17","20","0","5","74","58","16","0","10","","","","","",""
"00143711","Catholic University of America","2018","2017","99","59","40","0","13","31","16","15","0","5","68","43","25","0","8","7","7","0","14","14","0"
"00143711","Catholic University of America","2019","2018","97","67","30","0","8","29","15","14","0","4","68","52","16","0","4","6","6","0","14","14","0"
"00144102","District of Columbia","2017","2016","62","29","33","0","28","29","10","19","0","13","33","19","14","0","15","","","","","",""
"00144102","District of Columbia","2018","2017","68","29","39","0","32","28","8","20","0","14","40","21","19","0","18","5","5","0","6","6","0"
"00144102","District of Columbia","2019","2018","60","23","37","0","27","26","7","19","0","12","34","16","18","0","15","5","5","0","1","1","0"
"00144402","George Washington University","2017","2016","873","564","309","0","106","103","62","41","0","16","770","502","268","0","90","","","","","",""
"00144402","George Washington University","2018","2017","491","344","147","0","68","104","62","42","0","19","387","282","105","0","49","21","19","2","22","22","0"
"00144402","George Washington University","2019","2018","474","332","142","0","64","90","53","37","0","20","384","279","105","0","44","21","19","2","22","22","0"
"00144503","Georgetown University","2017","2016","555","377","178","0","32","181","103","78","0","24","374","274","100","0","8","","","","","",""
"00144503","Georgetown University","2018","2017","815","557","255","3","35","192","103","86","3","27","623","454","169","0","8","27","27","0","52","52","0"
"00144503","Georgetown University","2019","2018","842","553","282","7","46","188","95","86","7","33","654","458","196","0","13","27","27","0","46","46","0"
"00144802","Howard University","2017","2016","76","39","37","0","62","35","15","20","0","27","41","24","17","0","35","","","","","",""
"00144802","Howard University","2018","2017","81","41","40","0","65","37","17","20","0","26","44","24","20","0","39","5","5","0","12","12","0"
"00144802","Howard University","2019","2018","89","45","44","0","73","39","17","22","0","30","50","28","22","0","43","6","6","0","12","12","0"
"00146601","Barry University","2017","2016","86","52","34","0","23","39","20","19","0","13","47","32","15","0","10","","","","","",""
"00146601","Barry University","2018","2017","83","50","33","0","20","37","18","19","0","13","46","32","14","0","7","8","8","0","15","15","0"
"00146601","Barry University","2019","2018","81","45","36","0","22","34","16","18","0","12","47","29","18","0","10","7","7","0","27","25","2"
"00146800","St. Thomas University (Florida)","2017","2016","107","67","40","0","32","41","21","20","0","11","66","46","20","0","21","","","","","",""
"00146800","St. Thomas University (Florida)","2018","2017","81","49","32","0","22","41","21","20","0","11","40","28","12","0","11","4","4","0","1","1","0"
"00146800","St. Thomas University (Florida)","2019","2018","85","56","29","0","25","39","21","18","0","10","46","35","11","0","15","5","5","0","14","14","0"
"00148001","Florida A&M University","2017","2016","64","30","34","0","43","43","17","26","0","33","21","13","8","0","10","","","","","",""
"00148001","Florida A&M University","2018","2017","72","32","40","0","49","40","17","23","0","31","32","15","17","0","18","6","6","0","6","6","0"
"00148001","Florida A&M University","2019","2018","65","30","35","0","48","37","17","20","0","29","28","13","15","0","19","6","6","0","17","17","0"
"00148900","Florida State University","2017","2016","143","88","55","0","23","57","28","29","0","12","86","60","26","0","11","","","","","",""
"00148900","Florida State University","2018","2017","115","74","41","0","16","49","26","23","0","9","66","48","18","0","7","9","9","0","8","8","0"
"00148900","Florida State University","2019","2018","108","67","41","0","12","49","25","24","0","9","59","42","17","0","3","10","10","0","12","12","0"
"00150900","Nova Southeastern University","2017","2016","98","53","45","0","21","56","26","30","0","17","42","27","15","0","4","","","","","",""
"00150900","Nova Southeastern University","2018","2017","95","52","43","0","23","46","23","23","0","15","49","29","20","0","8","8","8","0","1","1","0"
"00150900","Nova Southeastern University","2019","2018","84","44","40","0","22","45","23","22","0","15","39","21","18","0","7","7","7","0","1","1","0"
"00153101","Stetson University","2017","2016","155","91","64","0","20","53","25","28","0","10","102","66","36","0","10","","","","","",""
"00153101","Stetson University","2018","2017","136","67","67","2","16","50","20","30","0","8","86","47","37","2","8","5","4","1","1","1","0"
"00153101","Stetson University","2019","2018","135","77","58","0","15","46","20","26","0","9","89","57","32","0","6","6","5","1","1","1","0"
"00153505","University of Florida","2017","2016","205","115","90","0","42","90","43","47","0","22","115","72","43","0","20","","","","","",""
"00153505","University of Florida","2018","2017","319","190","129","0","57","91","44","47","0","21","228","146","82","0","36","10","10","0","16","16","0"
"00153505","University of Florida","2019","2018","385","229","156","0","53","93","44","49","0","19","292","185","107","0","34","8","8","0","17","17","0"
"00153601","University of Miami","2017","2016","204","132","72","0","45","89","44","45","0","23","115","88","27","0","22","","","","","",""
"00153601","University of Miami","2018","2017","176","111","65","0","35","83","38","45","0","23","93","73","20","0","12","12","9","3","31","31","0"
"00153601","University of Miami","2019","2018","265","164","101","0","52","90","38","52","0","25","175","126","49","0","27","13","10","3","30","30","0"
"00156400","Emory University","2017","2016","206","117","76","13","27","61","34","27","0","13","145","83","49","13","14","","","","","",""
"00156400","Emory University","2018","2017","202","113","80","9","27","57","31","26","0","12","145","82","54","9","15","9","9","0","25","24","1"
"00156400","Emory University","2019","2018","194","105","89","0","34","52","26","26","0","9","142","79","63","0","25","10","10","0","22","20","2"
"00157400","Georgia State University","2017","2016","131","76","55","0","19","70","32","38","0","14","61","44","17","0","5","","","","","",""
"00157400","Georgia State University","2018","2017","137","73","63","0","20","74","30","43","0","16","63","43","20","0","4","8","8","0","28","16","12"
"00157400","Georgia State University","2019","2018","139","69","70","0","25","70","27","43","0","18","69","42","27","0","7","8","8","0","35","18","17"
"00158015","Mercer University","2017","2016","70","50","20","0","5","28","19","9","0","4","42","31","11","0","1","","","","","",""
"00158015","Mercer University","2018","2017","72","49","23","0","6","30","19","11","0","4","42","30","12","0","2","5","5","0","13","13","0"
"00158015","Mercer University","2019","2018","67","47","20","0","6","29","19","10","0","5","38","28","10","0","1","5","5","0","13","13","0"
"00159800","University of Georgia","2017","2016","103","67","36","0","14","55","32","23","0","9","48","35","13","0","5","","","","","",""
"00159800","University of Georgia","2018","2017","101","58","43","0","16","58","30","28","0","9","43","28","15","0","7","8","8","0","7","7","0"
"00159800","University of Georgia","2019","2018","114","68","46","0","16","59","31","28","0","9","55","37","18","0","7","9","9","0","7","7","0"
"00161000","University of Hawaii","2017","2016","116","69","47","0","51","46","23","23","0","24","70","46","24","0","27","","","","","",""
"00161000","University of Hawaii","2018","2017","115","60","55","0","48","46","23","23","0","23","69","37","32","0","25","5","5","0","3","3","0"
"00161000","University of Hawaii","2019","2018","114","64","50","0","48","42","22","20","0","21","72","42","30","0","27","5","5","0","3","3","0"
"00162600","University of Idaho","2017","2016","72","43","29","0","9","37","15","22","0","6","35","28","7","0","3","","","","","",""
"00162600","University of Idaho","2018","2017","71","42","29","0","9","37","15","22","0","7","34","27","7","0","2","4","4","0","13","11","2"
"00162600","University of Idaho","2019","2018","68","40","28","0","8","37","19","18","0","5","31","21","10","0","3","4","4","0","1","1","0"
"00167100","Depaul University","2017","2016","143","88","55","0","27","47","28","19","0","11","96","60","36","0","16","","","","","",""
"00167100","Depaul University","2018","2017","147","80","67","0","30","39","23","16","0","10","108","57","51","0","20","7","7","0","15","15","0"
"00167100","Depaul University","2019","2018","147","80","67","0","30","38","21","17","0","8","109","59","50","0","22","7","7","0","15","13","2"
"00169101","Chicago-Kent College of Law-IIT","2017","2016","167","112","55","0","20","67","40","27","0","10","100","72","28","0","10","","","","","",""
"00169101","Chicago-Kent College of Law-IIT","2018","2017","184","136","48","0","24","57","38","19","0","8","127","98","29","0","16","5","5","0","21","20","1"
"00169101","Chicago-Kent College of Law-IIT","2019","2018","173","129","44","0","29","56","34","22","0","10","117","95","22","0","19","5","5","0","26","23","3"
"00169800","John Marshall Law School","2017","2016","249","160","89","0","32","49","29","20","0","10","200","131","69","0","22","","","","","",""
"00169800","John Marshall Law School","2018","2017","195","119","76","0","38","47","28","19","0","11","148","91","57","0","27","7","6","1","51","49","2"
"00169800","John Marshall Law School","2019","2018","183","108","75","0","35","45","26","19","0","14","138","82","56","0","21","7","6","1","58","54","4"
"00171000","Loyola University-Chicago","2017","2016","214","112","102","0","26","67","32","35","0","11","147","80","67","0","15","","","","","",""
"00171000","Loyola University-Chicago","2018","2017","203","103","100","0","24","62","30","32","0","10","141","73","68","0","14","5","4","1","0","0","0"
"00171000","Loyola University-Chicago","2019","2018","241","122","119","0","34","71","32","39","0","12","170","90","80","0","22","5","4","1","1","1","0"
"00173700","Northern Illinois University","2017","2016","46","27","19","0","8","31","17","14","0","5","15","10","5","0","3","","","","","",""
"00173700","Northern Illinois University","2018","2017","43","22","21","0","7","30","13","17","0","6","13","9","4","0","1","5","5","0","13","13","0"
"00173700","Northern Illinois University","2019","2018","54","33","21","0","12","27","12","15","0","6","27","21","6","0","6","5","5","0","14","14","0"
"00173900","Northwestern University","2017","2016","352","234","118","0","36","135","73","62","0","14","217","161","56","0","22","","","","","",""
"00173900","Northwestern University","2018","2017","252","162","90","0","26","124","66","58","0","13","128","96","32","0","13","9","9","0","33","32","1"
"00173900","Northwestern University","2019","2018","240","157","83","0","31","124","66","58","0","16","116","91","25","0","15","9","9","0","33","33","0"
"00175800","Southern Illinois University-Carbondale","2017","2016","54","23","31","0","5","32","14","18","0","4","22","9","13","0","1","","","","","",""
"00175800","Southern Illinois University-Carbondale","2018","2017","43","22","21","0","5","26","12","14","0","3","17","10","7","0","2","4","4","0","8","7","1"
"00175800","Southern Illinois University-Carbondale","2019","2018","45","22","23","0","6","27","13","14","0","3","18","9","9","0","3","3","3","0","8","8","0"
"00177400","University of Chicago","2017","2016","207","147","60","0","29","84","57","27","0","15","123","90","33","0","14","","","","","",""
"00177400","University of Chicago","2018","2017","186","128","58","0","25","81","53","28","0","16","105","75","30","0","9","11","11","0","17","17","0"
"00177400","University of Chicago","2019","2018","188","130","58","0","31","82","49","33","0","16","106","81","25","0","15","10","10","0","16","16","0"
"00177500","University of Illinois","2017","2016","126","77","49","0","21","56","31","25","0","13","70","46","24","0","8","","","","","",""
"00177500","University of Illinois","2018","2017","133","76","57","0","20","53","27","26","0","12","80","49","31","0","8","7","7","0","11","11","0"
"00177500","University of Illinois","2019","2018","128","75","53","0","19","53","26","27","0","12","75","49","26","0","7","8","8","0","11","11","0"
"00180900","Indiana University - Bloomington","2017","2016","117","74","43","0","14","62","36","26","0","11","55","38","17","0","3","","","","","",""
"00180900","Indiana University - Bloomington","2018","2017","122","79","43","0","14","59","35","24","0","10","63","44","19","0","4","9","9","0","1","1","0"
"00180900","Indiana University - Bloomington","2019","2018","114","70","44","0","16","57","36","21","0","10","57","34","23","0","6","9","9","0","12","12","0"
"00181300","Indiana University - Indianapolis","2017","2016","133","79","54","0","15","46","23","23","0","8","87","56","31","0","7","","","","","",""
"00181300","Indiana University - Indianapolis","2018","2017","151","82","68","1","14","55","26","29","0","9","96","56","39","1","5","6","6","0","15","15","0"
"00181300","Indiana University - Indianapolis","2019","2018","138","78","60","0","20","49","23","26","0","8","89","55","34","0","12","7","6","1","14","14","0"
"00184000","University of Notre Dame","2017","2016","153","100","53","0","12","53","38","15","0","7","100","62","38","0","5","","","","","",""
"00184000","University of Notre Dame","2018","2017","155","104","51","0","12","59","42","17","0","7","96","62","34","0","5","6","6","0","10","10","0"
"00184000","University of Notre Dame","2019","2018","155","104","51","0","13","56","42","14","0","8","99","62","37","0","5","7","7","0","12","12","0"
"00184200","Valparaiso University","2017","2016","56","34","22","0","12","30","19","11","0","7","26","15","11","0","5","","","","","",""
"00184200","Valparaiso University","2018","2017","53","28","25","0","10","24","15","9","0","5","29","13","16","0","5","3","3","0","5","5","0"
"00186000","Drake University","2017","2016","67","37","30","0","5","34","19","15","0","5","33","18","15","0","0","","","","","",""
"00186000","Drake University","2018","2017","70","39","31","0","5","30","18","12","0","4","40","21","19","0","1","4","4","0","10","10","0"
"00186000","Drake University","2019","2018","80","48","32","0","7","35","22","13","0","5","45","26","19","0","2","4","4","0","12","12","0"
"00189200","University of Iowa","2017","2016","78","49","29","0","7","43","25","18","0","6","35","24","11","0","1","","","","","",""
"00189200","University of Iowa","2018","2017","85","49","36","0","11","47","26","21","0","8","38","23","15","0","3","13","12","1","25","25","0"
"00189200","University of Iowa","2019","2018","80","49","31","0","7","41","23","18","0","5","39","26","13","0","2","14","13","1","26","26","0"
"00194800","University of Kansas","2017","2016","80","48","32","0","9","35","18","17","0","6","45","30","15","0","3","","","","","",""
"00194800","University of Kansas","2018","2017","74","44","30","0","7","31","14","17","0","5","43","30","13","0","2","3","3","0","10","10","0"
"00194800","University of Kansas","2019","2018","72","43","29","0","7","31","13","18","0","6","41","30","11","0","1","3","3","0","10","10","0"
"00194900","Washburn University","2017","2016","71","40","31","0","5","29","17","12","0","4","42","23","19","0","1","","","","","",""
"00194900","Washburn University","2018","2017","70","36","34","0","7","30","17","13","0","5","40","19","21","0","2","7","7","0","10","10","0"
"00194900","Washburn University","2019","2018","65","33","32","0","7","29","15","14","0","5","36","18","18","0","2","7","7","0","10","10","0"
"00198903","University of Kentucky","2017","2016","79","46","33","0","7","42","23","19","0","5","37","23","14","0","2","","","","","",""
"00198903","University of Kentucky","2018","2017","75","41","34","0","5","39","22","17","0","4","36","19","17","0","1","2","2","0","9","9","0"
"00198903","University of Kentucky","2019","2018","77","42","35","0","5","37","21","16","0","3","40","21","19","0","2","5","5","0","15","15","0"
"00199900","University of Louisville","2017","2016","58","38","20","0","6","36","22","14","0","6","22","16","6","0","0","","","","","",""
"00199900","University of Louisville","2018","2017","61","41","20","0","8","27","16","11","0","5","34","25","9","0","3","6","6","0","10","9","1"
"00199900","University of Louisville","2019","2018","66","43","23","0","9","27","16","11","0","5","39","27","12","0","4","6","6","0","10","9","1"
"00201000","Louisiana State University","2017","2016","86","68","18","0","7","39","26","13","0","4","47","42","5","0","3","","","","","",""
"00201000","Louisiana State University","2018","2017","83","65","18","0","8","37","25","12","0","4","46","40","6","0","4","8","8","0","15","15","0"
"00201000","Louisiana State University","2019","2018","86","59","27","0","8","40","24","16","0","6","46","35","11","0","2","10","10","0","15","15","0"
"00201600","Loyola University-New Orleans","2017","2016","88","49","39","0","15","51","23","28","0","13","37","26","11","0","2","","","","","",""
"00201600","Loyola University-New Orleans","2018","2017","96","58","38","0","19","45","23","22","0","13","51","35","16","0","6","4","4","0","1","1","0"
"00201600","Loyola University-New Orleans","2019","2018","84","49","35","0","21","45","22","23","0","14","39","27","12","0","7","3","3","0","5","5","0"
"00202500","Southern University","2017","2016","78","41","37","0","57","33","15","18","0","22","45","26","19","0","35","","","","","",""
"00202500","Southern University","2018","2017","113","59","54","0","85","33","15","18","0","22","80","44","36","0","63","4","3","1","17","17","0"
"00202500","Southern University","2019","2018","135","66","69","0","84","36","18","18","0","25","99","48","51","0","59","5","4","1","19","19","0"
"00202900","Tulane University","2017","2016","135","93","42","0","8","53","30","23","0","5","82","63","19","0","3","","","","","",""
"00202900","Tulane University","2018","2017","148","108","40","0","9","49","31","18","0","3","99","77","22","0","6","6","6","0","18","18","0"
"00202900","Tulane University","2019","2018","162","113","49","0","16","53","32","21","0","7","109","81","28","0","9","7","7","0","17","17","0"
"00205400","University of Maine","2017","2016","75","42","33","0","7","23","11","12","0","3","52","31","21","0","4","","","","","",""
"00205400","University of Maine","2018","2017","58","31","27","0","5","23","11","12","0","3","35","20","15","0","2","5","5","0","20","17","3"
"00205400","University of Maine","2019","2018","64","36","28","0","5","22","11","11","0","2","42","25","17","0","3","5","5","0","20","17","3"
"00210200","University of Baltimore","2017","2016","160","88","72","0","24","63","32","31","0","11","97","56","41","0","13","","","","","",""
"00210200","University of Baltimore","2018","2017","154","89","65","0","23","61","32","29","0","12","93","57","36","0","11","9","7","2","10","10","0"
"00210200","University of Baltimore","2019","2018","134","76","58","0","25","60","29","31","0","13","74","47","27","0","12","8","6","2","8","8","0"
"00210400","University of Maryland","2017","2016","224","132","92","0","31","54","25","29","0","11","170","107","63","0","20","","","","","",""
"00210400","University of Maryland","2018","2017","171","101","70","0","24","58","30","28","0","13","113","71","42","0","11","9","8","1","21","18","3"
"00210400","University of Maryland","2019","2018","175","102","73","0","31","58","30","28","0","14","117","72","45","0","17","9","8","1","21","19","2"
"00212801","Boston College","2017","2016","138","81","57","0","23","64","35","29","0","13","74","46","28","0","10","","","","","",""
"00212801","Boston College","2018","2017","128","74","54","0","25","50","27","23","0","12","78","47","31","0","13","13","12","1","20","20","0"
"00212801","Boston College","2019","2018","149","79","70","0","26","58","29","29","0","11","91","50","41","0","15","13","12","1","20","20","0"
"00213007","Boston University","2017","2016","248","164","84","0","23","66","38","28","0","9","182","126","56","0","14","","","","","",""
"00213007","Boston University","2018","2017","198","127","71","0","21","69","38","31","0","12","129","89","40","0","9","9","9","0","14","14","0"
"00213007","Boston University","2019","2018","211","130","81","0","13","70","37","33","0","10","141","93","48","0","3","11","11","0","15","15","0"
"00215510","Harvard University","2017","2016","318","206","112","0","57","171","107","64","0","32","147","99","48","0","25","","","","","",""
"00215510","Harvard University","2018","2017","340","229","111","0","56","173","108","65","0","32","167","121","46","0","24","2","1","1","8","8","0"
"00215510","Harvard University","2019","2018","340","221","118","1","62","182","113","69","0","33","158","108","49","1","29","2","1","1","8","8","0"
"00219900","Northeastern University","2017","2016","99","46","52","1","18","48","16","31","1","11","51","30","21","0","7","","","","","",""
"00219900","Northeastern University","2018","2017","95","41","54","0","15","46","16","30","0","9","49","25","24","0","6","7","6","1","22","22","0"
"00219900","Northeastern University","2019","2018","112","49","63","0","19","49","16","33","0","13","63","33","30","0","6","5","5","0","20","20","0"
"00221007","University of Massachusetts Dartmouth","2017","2016","41","24","17","0","5","21","12","9","0","1","20","12","8","0","4","","","","","",""
"00221007","University of Massachusetts Dartmouth","2018","2017","40","23","17","0","2","18","10","8","0","1","22","13","9","0","1","4","4","0","12","8","4"
"00221007","University of Massachusetts Dartmouth","2019","2018","38","24","14","0","5","18","11","7","0","1","20","13","7","0","4","4","4","0","12","8","4"
"00221810","Suffolk University","2017","2016","171","98","73","0","20","76","42","34","0","15","95","56","39","0","5","","","","","",""
"00221810","Suffolk University","2018","2017","167","95","72","0","20","71","38","33","0","14","96","57","39","0","6","5","5","0","22","22","0"
"00221810","Suffolk University","2019","2018","171","97","74","0","23","72","39","33","0","14","99","58","41","0","9","5","5","0","20","20","0"
"00222600","Western New England University","2017","2016","65","37","28","0","7","29","14","15","0","3","36","23","13","0","4","","","","","",""
"00222600","Western New England University","2018","2017","59","37","22","0","8","26","13","13","0","3","33","24","9","0","5","3","3","0","1","1","0"
"00222600","Western New England University","2019","2018","58","32","26","0","4","22","9","13","0","2","36","23","13","0","2","3","3","0","1","1","0"
"00225400","Michigan State University","2017","2016","132","83","49","0","15","55","32","23","0","8","77","51","26","0","7","","","","","",""
"00225400","Michigan State University","2018","2017","124","78","46","0","14","51","30","21","0","7","73","48","25","0","7","8","8","0","14","14","0"
"00225400","Michigan State University","2019","2018","124","73","51","0","11","53","28","25","0","6","71","45","26","0","5","7","7","0","13","12","1"
"00232300","University of Detroit Mercy","2017","2016","91","53","38","0","13","30","14","16","0","4","61","39","22","0","9","","","","","",""
"00232300","University of Detroit Mercy","2018","2017","96","54","42","0","15","28","13","15","0","4","68","41","27","0","11","5","5","0","12","12","0"
"00232300","University of Detroit Mercy","2019","2018","86","44","42","0","12","24","11","13","0","4","62","33","29","0","8","5","5","0","15","15","0"
"00232503","University of Michigan","2017","2016","169","113","56","0","19","109","72","37","0","13","60","41","19","0","6","","","","","",""
"00232503","University of Michigan","2018","2017","199","122","76","1","21","106","67","39","0","14","93","55","37","1","7","11","11","0","17","17","0"
"00232503","University of Michigan","2019","2018","190","127","63","0","19","111","69","42","0","13","79","58","21","0","6","11","11","0","14","14","0"
"00232902","Wayne State University","2017","2016","87","54","33","0","9","43","26","17","0","7","44","28","16","0","2","","","","","",""
"00232902","Wayne State University","2018","2017","73","40","33","0","10","44","25","19","0","9","29","15","14","0","1","6","3","3","7","7","0"
"00232902","Wayne State University","2019","2018","92","52","40","0","10","40","23","17","0","7","52","29","23","0","3","8","4","4","13","13","0"
"00234500","University of St. Thomas (Minnesota)","2017","2016","119","79","40","0","15","29","21","8","0","4","90","58","32","0","11","","","","","",""
"00234500","University of St. Thomas (Minnesota)","2018","2017","129","87","42","0","15","25","20","5","0","2","104","67","37","0","13","4","4","0","10","10","0"
"00234500","University of St. Thomas (Minnesota)","2019","2018","130","82","48","0","18","25","19","6","0","2","105","63","42","0","16","5","5","0","12","10","2"
"00239101","Mitchell Hamline School of Law","2017","2016","229","114","115","0","18","46","26","20","0","5","183","88","95","0","13","","","","","",""
"00239101","Mitchell Hamline School of Law","2018","2017","271","138","133","0","29","40","23","17","0","4","231","115","116","0","25","5","5","0","14","14","0"
"00239101","Mitchell Hamline School of Law","2019","2018","279","139","140","0","34","39","21","18","0","5","240","118","122","0","29","5","5","0","11","11","0"
"00241501","Mississippi College","2017","2016","88","56","32","0","11","26","15","11","0","4","62","41","21","0","7","","","","","",""
"00241501","Mississippi College","2018","2017","70","40","30","0","11","27","14","13","0","4","43","26","17","0","7","3","3","0","12","12","0"
"00241501","Mississippi College","2019","2018","55","33","22","0","10","27","14","13","0","4","28","19","9","0","6","3","3","0","1","1","0"
"00244000","University of Mississippi","2017","2016","70","41","29","0","6","41","22","19","0","3","29","19","10","0","3","","","","","",""
"00244000","University of Mississippi","2018","2017","70","41","29","0","6","42","21","21","0","3","28","20","8","0","3","6","6","0","7","5","2"
"00244000","University of Mississippi","2019","2018","65","39","26","0","9","38","22","16","0","4","27","17","10","0","5","6","6","0","8","5","3"
"00250609","Saint Louis University","2017","2016","187","106","81","0","16","52","23","29","0","5","135","83","52","0","11","","","","","",""
"00250609","Saint Louis University","2018","2017","104","59","45","0","10","46","18","28","0","4","58","41","17","0","6","5","5","0","9","9","0"
"00250609","Saint Louis University","2019","2018","97","52","45","0","10","44","16","28","0","4","53","36","17","0","6","5","5","0","9","9","0"
"00251600","University of Missouri","2017","2016","63","41","22","0","4","38","23","15","0","4","25","18","7","0","0","","","","","",""
"00251600","University of Missouri","2018","2017","57","33","24","0","4","38","23","15","0","4","19","10","9","0","0","4","4","0","13","9","4"
"00251600","University of Missouri","2019","2018","52","27","25","0","4","36","22","14","0","4","16","5","11","0","0","5","5","0","14","9","5"
"00251800","University of Missouri-Kansas City","2017","2016","174","109","65","0","10","49","28","21","0","4","125","81","44","0","6","","","","","",""
"00251800","University of Missouri-Kansas City","2018","2017","116","72","44","0","8","47","27","20","0","5","69","45","24","0","3","5","5","0","12","12","0"
"00251800","University of Missouri-Kansas City","2019","2018","110","63","47","0","9","42","23","19","0","5","68","40","28","0","4","4","4","0","11","11","0"
"00252000","Washington University","2017","2016","199","124","75","0","20","78","39","39","0","12","121","85","36","0","8","","","","","",""
"00252000","Washington University","2018","2017","170","114","56","0","18","70","37","33","0","10","100","77","23","0","8","8","7","1","30","30","0"
"00252000","Washington University","2019","2018","169","100","69","0","22","82","41","41","0","13","87","59","28","0","9","8","7","1","33","33","0"
"00253600","University of Montana","2017","2016","52","27","25","0","8","19","9","10","0","3","33","18","15","0","5","","","","","",""
"00253600","University of Montana","2018","2017","54","26","28","0","5","19","9","10","0","2","35","17","18","0","3","1","1","0","5","5","0"
"00253600","University of Montana","2019","2018","32","14","18","0","3","20","10","10","0","2","12","4","8","0","1","2","2","0","1","1","0"
"00254200","Creighton University","2017","2016","65","49","16","0","7","33","22","11","0","4","32","27","5","0","3","","","","","",""
"00254200","Creighton University","2018","2017","59","43","16","0","5","27","18","9","0","2","32","25","7","0","3","3","3","0","1","1","0"
"00254200","Creighton University","2019","2018","56","36","20","0","5","27","17","10","0","2","29","19","10","0","3","3","3","0","1","1","0"
"00256500","University of Nebraska","2017","2016","75","51","24","0","4","35","24","11","0","3","40","27","13","0","1","","","","","",""
"00256500","University of Nebraska","2018","2017","73","50","23","0","4","34","22","12","0","2","39","28","11","0","2","4","4","0","1","1","0"
"00256500","University of Nebraska","2019","2018","77","55","22","0","3","33","22","11","0","2","44","33","11","0","1","4","4","0","1","1","0"
"00256900","University of Nevada - Las Vegas","2017","2016","96","53","43","0","19","42","14","28","0","9","54","39","15","0","10","","","","","",""
"00256900","University of Nevada - Las Vegas","2018","2017","92","53","39","0","16","45","17","28","0","7","47","36","11","0","9","5","5","0","13","10","3"
"00256900","University of Nevada - Las Vegas","2019","2018","103","52","51","0","20","55","19","36","0","14","48","33","15","0","6","7","7","0","16","16","0"
"00258903","University of New Hampshire","2017","2016","88","51","37","0","3","33","17","16","0","1","55","34","21","0","2","","","","","",""
"00258903","University of New Hampshire","2018","2017","78","41","37","0","3","31","17","14","0","2","47","24","23","0","1","3","3","0","19","8","11"
"00258903","University of New Hampshire","2019","2018","93","57","35","1","3","29","17","12","0","2","64","40","23","1","1","5","5","0","21","8","13"
"00262900","Rutgers University","2017","2016","308","193","115","0","54","126","69","57","0","31","182","124","58","0","23","","","","","",""
"00262900","Rutgers University","2018","2017","312","194","118","0","52","131","71","60","0","32","181","123","58","0","20","10","10","0","25","25","0"
"00262900","Rutgers University","2019","2018","215","120","95","0","36","109","55","54","0","27","106","65","41","0","9","14","14","0","21","21","0"
"00263201","Seton Hall University","2017","2016","114","65","49","0","11","52","25","27","0","6","62","40","22","0","5","","","","","",""
"00263201","Seton Hall University","2018","2017","114","65","49","0","13","45","19","26","0","8","69","46","23","0","5","5","5","0","27","27","0"
"00263201","Seton Hall University","2019","2018","134","74","60","0","25","53","23","30","0","10","81","51","30","0","15","6","6","0","30","30","0"
"00266300","University of New Mexico","2017","2016","104","55","49","0","35","48","25","23","0","20","56","30","26","0","15","","","","","",""
"00266300","University of New Mexico","2018","2017","99","49","50","0","33","38","20","18","0","16","61","29","32","0","17","7","7","0","14","14","0"
"00266300","University of New Mexico","2019","2018","102","51","51","0","33","39","17","22","0","18","63","34","29","0","15","6","6","0","9","9","0"
"00267700","Brooklyn Law School","2017","2016","234","141","93","0","29","71","34","37","0","11","163","107","56","0","18","","","","","",""
"00267700","Brooklyn Law School","2018","2017","230","148","82","0","23","67","29","38","0","9","163","119","44","0","14","10","10","0","24","24","0"
"00267700","Brooklyn Law School","2019","2018","211","127","84","0","30","63","25","38","0","12","148","102","46","0","18","10","10","0","24","24","0"
"00270711","Columbia University","2017","2016","426","284","142","0","59","134","86","48","0","18","292","198","94","0","41","","","","","",""
"00270711","Columbia University","2018","2017","402","269","133","0","49","117","73","44","0","17","285","196","89","0","32","18","18","0","48","46","2"
"00270711","Columbia University","2019","2018","409","252","157","0","62","146","88","58","0","23","263","164","99","0","39","17","17","0","40","40","0"
"00271101","Cornell University","2017","2016","152","98","52","2","19","67","39","28","0","15","85","59","24","2","4","","","","","",""
"00271101","Cornell University","2018","2017","146","95","51","0","17","67","41","26","0","12","79","54","25","0","5","9","8","1","25","20","5"
"00271101","Cornell University","2019","2018","166","112","54","0","23","70","44","26","0","15","96","68","28","0","8","9","8","1","24","19","5"
"00272203","Fordham University","2017","2016","461","266","195","0","64","79","50","29","0","15","382","216","166","0","49","","","","","",""
"00272203","Fordham University","2018","2017","358","220","138","0","47","87","51","36","0","17","271","169","102","0","30","13","12","1","45","44","1"
"00272203","Fordham University","2019","2018","401","239","162","0","57","80","48","32","0","15","321","191","130","0","42","13","12","1","47","44","3"
"00273200","Hofstra University","2017","2016","112","75","37","0","10","52","25","27","0","5","60","50","10","0","5","","","","","",""
"00273200","Hofstra University","2018","2017","153","93","60","0","9","50","22","28","0","4","103","71","32","0","5","7","7","0","31","30","1"
"00273200","Hofstra University","2019","2018","172","105","67","0","14","52","23","29","0","5","120","82","38","0","9","7","7","0","31","30","1"
"00278300","New York Law School","2017","2016","167","105","62","0","20","57","34","23","0","7","110","71","39","0","13","","","","","",""
"00278300","New York Law School","2018","2017","180","103","77","0","21","53","29","24","0","5","127","74","53","0","16","9","9","0","40","40","0"
"00278300","New York Law School","2019","2018","188","115","73","0","26","60","31","29","0","9","128","84","44","0","17","12","8","4","39","38","1"
"00278500","New York University","2017","2016","391","273","118","0","53","171","112","59","0","26","220","161","59","0","27","","","","","",""
"00278500","New York University","2018","2017","455","310","145","0","65","169","106","63","0","29","286","204","82","0","36","12","12","0","45","45","0"
"00278500","New York University","2019","2018","403","282","121","0","62","158","105","53","0","33","245","177","68","0","29","12","12","0","45","45","0"
"00279102","Pace University","2017","2016","127","81","46","0","16","36","20","16","0","4","91","61","30","0","12","","","","","",""
"00279102","Pace University","2018","2017","132","75","57","0","16","35","18","17","0","5","97","57","40","0","11","8","6","2","39","38","1"
"00279102","Pace University","2019","2018","123","69","54","0","16","35","17","18","0","6","88","52","36","0","10","9","7","2","38","37","1"
"00282300","St. John's University","2017","2016","136","85","51","0","18","42","21","21","0","7","94","64","30","0","11","","","","","",""
"00282300","St. John's University","2018","2017","153","95","58","0","21","38","18","20","0","6","115","77","38","0","15","6","5","1","27","27","0"
"00282300","St. John's University","2019","2018","152","93","59","0","22","41","19","22","0","8","111","74","37","0","14","6","5","1","24","24","0"
"00283700","University of Buffalo-SUNY","2017","2016","138","83","55","0","8","61","29","32","0","6","77","54","23","0","2","","","","","",""
"00283700","University of Buffalo-SUNY","2018","2017","130","75","55","0","11","49","25","24","0","6","81","50","31","0","5","8","8","0","3","3","0"
"00283700","University of Buffalo-SUNY","2019","2018","116","66","50","0","9","45","24","21","0","6","71","42","29","0","3","10","10","0","9","9","0"
"00288200","Syracuse University","2017","2016","96","56","40","0","12","58","32","26","0","11","38","24","14","0","1","","","","","",""
"00288200","Syracuse University","2018","2017","92","61","31","0","11","50","31","19","0","10","42","30","12","0","1","8","7","1","11","11","0"
"00288200","Syracuse University","2019","2018","94","60","34","0","10","50","27","23","0","9","44","33","11","0","1","8","7","1","14","14","0"
"00288600","Albany Law School of Union University","2017","2016","84","49","35","0","8","38","22","16","0","6","46","27","19","0","2","","","","","",""
"00288600","Albany Law School of Union University","2018","2017","73","42","31","0","9","36","21","15","0","7","37","21","16","0","2","5","4","1","17","17","0"
"00288600","Albany Law School of Union University","2019","2018","94","53","41","0","15","38","22","16","0","8","56","31","25","0","7","5","4","1","18","18","0"
"00290301","Cardozo School of Law","2017","2016","226","134","92","0","19","63","35","28","0","7","163","99","64","0","12","","","","","",""
"00290301","Cardozo School of Law","2018","2017","269","155","114","0","27","57","31","26","0","7","212","124","88","0","20","6","6","0","47","47","0"
"00290301","Cardozo School of Law","2019","2018","335","197","138","0","25","58","34","24","0","5","277","163","114","0","20","10","7","3","34","34","0"
"00291300","Campbell University","2017","2016","84","52","32","0","10","26","17","9","0","4","58","35","23","0","6","","","","","",""
"00291300","Campbell University","2018","2017","90","61","29","0","11","29","18","11","0","4","61","43","18","0","7","6","6","0","13","13","0"
"00291300","Campbell University","2019","2018","100","65","35","0","18","30","20","10","0","4","70","45","25","0","14","5","5","0","13","13","0"
"00292002","Duke University","2017","2016","191","122","69","0","17","92","52","40","0","9","99","70","29","0","8","","","","","",""
"00292002","Duke University","2018","2017","181","117","64","0","21","95","54","41","0","13","86","63","23","0","8","9","8","1","31","31","0"
"00292002","Duke University","2019","2018","194","115","79","0","26","96","56","40","0","15","98","59","39","0","11","9","8","1","36","36","0"
"00292701","Elon University","2017","2016","80","48","32","0","12","35","20","15","0","6","45","28","17","0","6","","","","","",""
"00292701","Elon University","2018","2017","72","37","35","0","8","28","15","13","0","3","44","22","22","0","5","6","6","0","17","17","0"
"00292701","Elon University","2019","2018","65","31","34","0","6","35","16","19","0","5","30","15","15","0","1","6","6","0","13","13","0"
"00295000","North Carolina Central University","2017","2016","79","29","50","0","50","36","13","23","0","24","43","16","27","0","26","","","","","",""
"00295000","North Carolina Central University","2018","2017","78","32","46","0","43","35","13","22","0","22","43","19","24","0","21","6","6","0","26","25","1"
"00295000","North Carolina Central University","2019","2018","74","30","44","0","48","30","11","19","0","21","44","19","25","0","27","5","5","0","10","10","0"
"00297400","University of North Carolina","2017","2016","146","79","67","0","21","68","37","31","0","10","78","42","36","0","11","","","","","",""
"00297400","University of North Carolina","2018","2017","121","65","56","0","18","53","29","24","0","9","68","36","32","0","9","11","11","0","33","32","1"
"00297400","University of North Carolina","2019","2018","246","138","108","0","34","56","29","27","0","8","190","109","81","0","26","11","11","0","33","32","1"
"00297805","Wake Forest University","2017","2016","120","79","41","0","13","61","33","28","0","9","59","46","13","0","4","","","","","",""
"00297805","Wake Forest University","2018","2017","136","89","47","0","13","60","33","27","0","9","76","56","20","0","4","7","7","0","11","10","1"
"00297805","Wake Forest University","2019","2018","108","66","42","0","16","55","28","27","0","13","53","38","15","0","3","8","8","0","8","7","1"
"00300500","University of North Dakota","2017","2016","34","16","18","0","4","17","6","11","0","2","17","10","7","0","2","","","","","",""
"00300500","University of North Dakota","2018","2017","24","10","14","0","3","15","6","9","0","1","9","4","5","0","2","4","4","0","6","6","0"
"00300500","University of North Dakota","2019","2018","27","13","14","0","5","15","6","9","0","2","12","7","5","0","3","3","3","0","12","12","0"
"00302302","Capital University","2017","2016","77","55","22","0","7","24","15","9","0","1","53","40","13","0","6","","","","","",""
"00302302","Capital University","2018","2017","83","56","27","0","9","24","15","9","0","2","59","41","18","0","7","3","3","0","13","10","3"
"00302302","Capital University","2019","2018","76","52","24","0","9","25","14","11","0","3","51","38","13","0","6","2","2","0","13","13","0"
"00302400","Case Western Reserve University","2017","2016","96","68","28","0","5","46","31","15","0","5","50","37","13","0","0","","","","","",""
"00302400","Case Western Reserve University","2018","2017","95","68","27","0","9","44","28","16","0","7","51","40","11","0","2","9","9","0","17","15","2"
"00302400","Case Western Reserve University","2019","2018","95","72","23","0","8","38","25","13","0","6","57","47","10","0","2","10","10","0","11","10","1"
"00303200","Cleveland State University","2017","2016","132","89","43","0","17","35","18","17","0","7","97","71","26","0","10","","","","","",""
"00303200","Cleveland State University","2018","2017","87","52","35","0","14","32","18","14","0","6","55","34","21","0","8","6","6","0","16","5","11"
"00303200","Cleveland State University","2019","2018","92","61","31","0","14","31","18","13","0","5","61","43","18","0","9","5","5","0","18","7","11"
"00308900","Ohio Northern University","2017","2016","38","23","15","0","5","24","12","12","0","3","14","11","3","0","2","","","","","",""
"00308900","Ohio Northern University","2018","2017","32","17","15","0","3","24","12","12","0","3","8","5","3","0","0","3","3","0","10","10","0"
"00308900","Ohio Northern University","2019","2018","25","11","14","0","3","21","9","12","0","3","4","2","2","0","0","3","3","0","10","10","0"
"00309000","Ohio State University","2017","2016","113","75","38","0","14","64","39","25","0","10","49","36","13","0","4","","","","","",""
"00309000","Ohio State University","2018","2017","112","73","39","0","15","58","34","24","0","9","54","39","15","0","6","9","9","0","0","0","0"
"00309000","Ohio State University","2019","2018","123","80","43","0","14","54","29","25","0","9","69","51","18","0","5","9","9","0","1","1","0"
"00312300","University of Akron","2017","2016","72","46","26","0","8","32","19","13","0","6","40","27","13","0","2","","","","","",""
"00312300","University of Akron","2018","2017","73","45","28","0","8","31","18","13","0","5","42","27","15","0","3","5","5","0","8","8","0"
"00312300","University of Akron","2019","2018","65","37","28","0","6","26","13","13","0","4","39","24","15","0","2","4","4","0","10","10","0"
"00312500","University of Cincinnati","2017","2016","75","46","29","0","9","36","16","20","0","7","39","30","9","0","2","","","","","",""
"00312500","University of Cincinnati","2018","2017","86","39","28","19","10","36","16","20","0","7","50","23","8","19","3","6","6","0","7","7","0"
"00312500","University of Cincinnati","2019","2018","92","51","33","8","8","37","16","21","0","5","55","35","12","8","3","7","7","0","6","6","0"
"00312700","University of Dayton","2017","2016","102","63","39","0","12","25","11","14","0","2","77","52","25","0","10","","","","","",""
"00312700","University of Dayton","2018","2017","69","43","26","0","8","22","8","14","0","2","47","35","12","0","6","4","4","0","10","10","0"
"00312700","University of Dayton","2019","2018","71","39","32","0","12","23","9","14","0","4","48","30","18","0","8","4","4","0","10","10","0"
"00313100","University of Toledo","2017","2016","61","39","22","0","7","29","16","13","0","3","32","23","9","0","4","","","","","",""
"00313100","University of Toledo","2018","2017","43","28","15","0","5","27","16","11","0","3","16","12","4","0","2","4","3","1","3","3","0"
"00313100","University of Toledo","2019","2018","43","26","17","0","5","25","14","11","0","3","18","12","6","0","2","4","3","1","3","3","0"
"00316614","Oklahoma City University","2017","2016","105","72","33","0","16","29","17","12","0","5","76","55","21","0","11","","","","","",""
"00316614","Oklahoma City University","2018","2017","71","47","24","0","9","22","13","9","0","4","49","34","15","0","5","5","5","0","7","7","0"
"00316614","Oklahoma City University","2019","2018","77","51","26","0","11","22","13","9","0","4","55","38","17","0","7","5","5","0","5","5","0"
"00318400","University of Oklahoma","2017","2016","80","52","28","0","11","37","20","17","0","5","43","32","11","0","6","","","","","",""
"00318400","University of Oklahoma","2018","2017","71","46","25","0","10","34","20","14","0","5","37","26","11","0","5","7","7","0","23","23","0"
"00318400","University of Oklahoma","2019","2018","72","43","29","0","9","42","23","19","0","5","30","20","10","0","4","7","7","0","23","23","0"
"00318500","University of Tulsa","2017","2016","51","23","28","0","5","29","12","17","0","3","22","11","11","0","2","","","","","",""
"00318500","University of Tulsa","2018","2017","55","28","27","0","5","25","11","14","0","2","30","17","13","0","3","3","3","0","1","1","0"
"00318500","University of Tulsa","2019","2018","53","28","25","0","7","27","12","15","0","4","26","16","10","0","3","3","3","0","5","5","0"
"00319100","Concordia Law School","2017","2016","42","19","23","0","3","16","6","10","0","3","26","13","13","0","0","","","","","",""
"00319100","Concordia Law School","2018","2017","39","20","19","0","5","12","6","6","0","2","27","14","13","0","3","2","2","0","7","7","0"
"00319100","Concordia Law School","2019","2018","48","25","23","0","6","13","6","7","0","3","35","19","16","0","3","3","3","0","7","7","0"
"00319700","Lewis and Clark College","2017","2016","183","118","65","0","25","46","26","20","0","7","137","92","45","0","18","","","","","",""
"00319700","Lewis and Clark College","2018","2017","144","86","58","0","19","43","24","19","0","7","101","62","39","0","12","4","4","0","27","27","0"
"00319700","Lewis and Clark College","2019","2018","138","82","56","0","20","41","23","18","0","7","97","59","38","0","13","6","6","0","19","18","1"
"00322300","University of Oregon","2017","2016","88","45","43","0","11","33","14","19","0","8","55","31","24","0","3","","","","","",""
"00322300","University of Oregon","2018","2017","95","51","44","0","10","30","15","15","0","7","65","36","29","0","3","7","7","0","23","20","3"
"00322300","University of Oregon","2019","2018","87","39","48","0","10","30","12","18","0","7","57","27","30","0","3","7","7","0","19","16","3"
"00322700","Willamette University","2017","2016","57","36","21","0","5","30","20","10","0","5","27","16","11","0","0","","","","","",""
"00322700","Willamette University","2018","2017","55","32","23","0","5","29","19","10","0","5","26","13","13","0","0","4","4","0","1","1","0"
"00322700","Willamette University","2019","2018","50","29","21","0","6","30","18","12","0","6","20","11","9","0","0","2","2","0","5","5","0"
"00325600","Drexel University","2017","2016","117","56","61","0","17","39","18","21","0","8","78","38","40","0","9","","","","","",""
"00325600","Drexel University","2018","2017","132","67","65","0","27","38","17","21","0","8","94","50","44","0","19","5","5","0","21","20","1"
"00325600","Drexel University","2019","2018","134","67","67","0","26","36","15","21","0","7","98","52","46","0","19","5","5","0","21","20","1"
"00325800","Duquesne University","2017","2016","98","62","36","0","7","29","14","15","0","3","69","48","21","0","4","","","","","",""
"00325800","Duquesne University","2018","2017","97","64","33","0","9","30","14","16","0","4","67","50","17","0","5","4","4","0","9","9","0"
"00325800","Duquesne University","2019","2018","94","54","40","0","10","29","13","16","0","4","65","41","24","0","6","5","5","0","8","8","0"
"00331301","Widener University-Delaware","2017","2016","70","42","28","0","7","33","16","17","0","4","37","26","11","0","3","","","","","",""
"00331301","Widener University-Delaware","2018","2017","74","37","37","0","6","26","12","14","0","2","48","25","23","0","4","6","4","2","9","9","0"
"00331301","Widener University-Delaware","2019","2018","80","42","38","0","9","26","12","14","0","2","54","30","24","0","7","6","4","2","11","11","0"
"00331302","Widener Commonwealth","2017","2016","48","32","16","0","3","17","9","8","0","2","31","23","8","0","1","","","","","",""
"00331302","Widener Commonwealth","2018","2017","53","36","17","0","2","15","8","7","0","1","38","28","10","0","1","4","4","0","7","7","0"
"00331302","Widener Commonwealth","2019","2018","58","37","21","0","3","15","8","7","0","1","43","29","14","0","2","4","4","0","8","8","0"
"00332900","Pennsylvania State University-Penn State Law","2017","2016","57","36","21","0","8","42","25","17","0","7","15","11","4","0","1","","","","","",""
"00332900","Pennsylvania State University-Penn State Law","2018","2017","60","38","22","0","9","43","24","19","0","8","17","14","3","0","1","5","4","1","18","18","0"
"00332900","Pennsylvania State University-Penn State Law","2019","2018","66","41","25","0","11","47","26","21","0","9","19","15","4","0","2","6","5","1","20","20","0"
"00332923","Pennsylvania State University-Dickinson School of Law","2017","2016","46","24","22","0","6","26","10","16","0","3","20","14","6","0","3","","","","","",""
"00332923","Pennsylvania State University-Dickinson School of Law","2018","2017","51","25","26","0","10","23","10","13","0","3","28","15","13","0","7","4","4","0","17","11","6"
"00332923","Pennsylvania State University-Dickinson School of Law","2019","2018","52","26","26","0","5","23","10","13","0","2","29","16","13","0","3","4","4","0","12","6","6"
"00337101","Temple University","2017","2016","202","117","84","1","37","66","33","33","0","14","136","84","51","1","23","","","","","",""
"00337101","Temple University","2018","2017","189","115","72","2","33","58","29","29","0","13","131","86","43","2","20","7","5","2","23","23","0"
"00337101","Temple University","2019","2018","192","114","78","0","35","58","30","28","0","14","134","84","50","0","21","9","7","2","17","16","1"
"00337800","University of Pennsylvania","2017","2016","246","158","88","0","46","100","64","36","0","19","146","94","52","0","27","","","","","",""
"00337800","University of Pennsylvania","2018","2017","242","156","86","0","48","87","53","34","0","21","155","103","52","0","27","14","14","0","19","19","0"
"00337800","University of Pennsylvania","2019","2018","246","155","91","0","49","86","54","32","0","19","160","101","59","0","30","15","14","1","23","23","0"
"00337900","University of Pittsburgh","2017","2016","190","124","66","0","16","55","30","25","0","10","135","94","41","0","6","","","","","",""
"00337900","University of Pittsburgh","2018","2017","168","110","58","0","15","51","26","25","0","10","117","84","33","0","5","5","5","0","22","20","2"
"00337900","University of Pittsburgh","2019","2018","159","103","56","0","16","51","26","25","0","10","108","77","31","0","6","5","5","0","17","16","1"
"00338801","Villanova University","2017","2016","113","68","45","0","11","43","21","22","0","5","70","47","23","0","6","","","","","",""
"00338801","Villanova University","2018","2017","115","68","47","0","10","40","17","23","0","4","75","51","24","0","6","7","6","1","32","32","0"
"00338801","Villanova University","2019","2018","110","61","49","0","14","41","17","24","0","6","69","44","25","0","8","7","7","0","32","26","6"
"00341001","Roger Williams University","2017","2016","91","48","43","0","9","23","9","14","0","3","68","39","29","0","6","","","","","",""
"00341001","Roger Williams University","2018","2017","93","52","41","0","8","23","11","12","0","2","70","41","29","0","6","5","5","0","15","15","0"
"00341001","Roger Williams University","2019","2018","89","48","41","0","10","26","9","17","0","5","63","39","24","0","5","6","6","0","17","17","0"
"00344800","University of South Carolina","2017","2016","109","64","45","0","10","58","30","28","0","7","51","34","17","0","3","","","","","",""
"00344800","University of South Carolina","2018","2017","107","68","39","0","7","58","30","28","0","7","49","38","11","0","0","10","10","0","20","20","0"
"00344800","University of South Carolina","2019","2018","105","67","38","0","10","57","30","27","0","7","48","37","11","0","3","10","10","0","23","23","0"
"00347400","University of South Dakota","2017","2016","32","23","9","0","3","16","11","5","0","1","16","12","4","0","2","","","","","",""
"00347400","University of South Dakota","2018","2017","33","23","10","0","3","17","12","5","0","1","16","11","5","0","2","4","3","1","4","3","1"
"00347400","University of South Dakota","2019","2018","30","19","11","0","6","16","10","6","0","1","14","9","5","0","5","2","2","0","3","3","0"
"00347900","Belmont University","2017","2016","43","27","16","0","7","19","11","8","0","4","24","16","8","0","3","","","","","",""
"00347900","Belmont University","2018","2017","40","26","14","0","5","20","12","8","0","4","20","14","6","0","1","3","3","0","7","7","0"
"00347900","Belmont University","2019","2018","40","25","15","0","6","19","11","8","0","4","21","14","7","0","2","4","4","0","9","9","0"
"00350200","Lincoln Memorial University","2017","2016","21","14","7","0","3","14","10","4","0","3","7","4","3","0","0","","","","","",""
"00350200","Lincoln Memorial University","2018","2017","30","19","11","0","3","16","10","6","0","2","14","9","5","0","1","2","2","0","11","11","0"
"00350200","Lincoln Memorial University","2019","2018","39","18","21","0","4","19","10","9","0","3","20","8","12","0","1","4","3","1","9","9","0"
"00350900","University of Memphis","2017","2016","69","44","25","0","12","26","14","12","0","4","43","30","13","0","8","","","","","",""
"00350900","University of Memphis","2018","2017","58","40","18","0","7","27","14","13","0","4","31","26","5","0","3","4","4","0","1","1","0"
"00350900","University of Memphis","2019","2018","58","36","22","0","7","25","12","13","0","3","33","24","9","0","4","4","4","0","1","1","0"
"00353000","University of Tennessee","2017","2016","130","75","55","0","10","43","20","23","0","7","87","55","32","0","3","","","","","",""
"00353000","University of Tennessee","2018","2017","101","58","43","0","11","45","25","20","0","8","56","33","23","0","3","7","7","0","19","19","0"
"00353000","University of Tennessee","2019","2018","93","55","38","0","10","39","21","18","0","7","54","34","20","0","3","7","7","0","16","16","0"
"00353500","Vanderbilt University","2017","2016","143","91","51","0","16","55","31","24","0","8","88","60","27","0","8","","","","","",""
"00353500","Vanderbilt University","2018","2017","130","81","49","0","20","47","29","18","0","7","83","52","31","0","13","7","7","0","17","17","0"
"00353500","Vanderbilt University","2019","2018","141","88","53","0","21","50","29","21","0","8","91","59","32","0","13","7","7","0","15","15","0"
"00354500","Baylor University","2017","2016","82","61","21","0","6","33","22","11","0","3","49","39","10","0","3","","","","","",""
"00354500","Baylor University","2018","2017","84","60","24","0","6","29","19","10","0","3","55","41","14","0","3","2","2","0","0","0","0"
"00354500","Baylor University","2019","2018","138","93","45","0","10","32","23","9","0","4","106","70","36","0","6","2","2","0","0","0","0"
"00361300","Southern Methodist University","2017","2016","203","141","61","1","17","48","25","23","0","9","155","116","38","1","8","","","","","",""
"00361300","Southern Methodist University","2018","2017","211","143","67","1","21","44","22","22","0","9","167","121","45","1","12","5","5","0","21","20","1"
"00361300","Southern Methodist University","2019","2018","153","103","50","0","22","44","23","21","0","8","109","80","29","0","14","5","5","0","22","21","1"
"00362300","St. Mary's University","2017","2016","124","80","44","0","25","56","34","22","0","12","68","46","22","0","13","","","","","",""
"00362300","St. Mary's University","2018","2017","117","76","41","0","28","62","37","25","0","16","55","39","16","0","12","4","4","0","20","20","0"
"00362300","St. Mary's University","2019","2018","102","65","37","0","25","58","34","24","0","15","44","31","13","0","10","4","4","0","11","11","0"
"00364200","Texas Southern University","2017","2016","62","29","33","0","50","43","20","23","0","36","19","9","10","0","14","","","","","",""
"00364200","Texas Southern University","2018","2017","91","40","51","0","72","44","20","24","0","36","47","20","27","0","36","7","7","0","2","2","0"
"00364200","Texas Southern University","2019","2018","95","38","57","0","77","40","17","23","0","32","55","21","34","0","45","6","6","0","17","12","5"
"00364400","Texas Tech University","2017","2016","72","44","28","0","12","43","27","16","0","8","29","17","12","0","4","","","","","",""
"00364400","Texas Tech University","2018","2017","66","41","25","0","10","42","26","16","0","8","24","15","9","0","2","5","5","0","25","18","7"
"00364400","Texas Tech University","2019","2018","58","36","22","0","8","36","21","15","0","7","22","15","7","0","1","6","6","0","21","17","4"
"00364500","Texas A&M University","2017","2016","118","73","45","0","20","60","30","30","0","16","58","43","15","0","4","","","","","",""
"00364500","Texas A&M University","2018","2017","103","61","42","0","17","58","33","25","0","14","45","28","17","0","3","9","8","1","27","27","0"
"00364500","Texas A&M University","2019","2018","103","59","44","0","19","57","30","27","0","15","46","29","17","0","4","9","8","1","37","37","0"
"00365200","University of Houston","2017","2016","225","143","82","0","38","61","36","25","0","9","164","107","57","0","29","","","","","",""
"00365200","University of Houston","2018","2017","253","161","92","0","45","58","34","24","0","8","195","127","68","0","37","9","9","0","47","47","0"
"00365200","University of Houston","2019","2018","219","144","75","0","38","57","33","24","0","7","162","111","51","0","31","10","9","1","10","10","0"
"00365800","University of Texas at Austin","2017","2016","259","175","84","0","26","103","62","41","0","9","156","113","43","0","17","","","","","",""
"00365800","University of Texas at Austin","2018","2017","281","186","95","0","30","99","58","41","0","10","182","128","54","0","20","18","17","1","23","16","7"
"00365800","University of Texas at Austin","2019","2018","292","201","91","0","31","94","58","36","0","13","198","143","55","0","18","18","16","2","23","16","7"
"00367000","Brigham Young University","2017","2016","102","75","27","0","6","45","32","13","0","4","57","43","14","0","2","","","","","",""
"00367000","Brigham Young University","2018","2017","88","63","25","0","6","37","25","12","0","5","51","38","13","0","1","11","11","0","12","12","0"
"00367000","Brigham Young University","2019","2018","94","66","28","0","6","41","25","16","0","5","53","41","12","0","1","10","10","0","18","18","0"
"00367500","University of Utah","2017","2016","85","51","34","0","9","47","26","21","0","8","38","25","13","0","1","","","","","",""
"00367500","University of Utah","2018","2017","98","57","41","0","11","43","24","19","0","7","55","33","22","0","4","6","6","0","11","11","0"
"00367500","University of Utah","2019","2018","97","57","40","0","12","44","26","18","0","7","53","31","22","0","5","6","6","0","11","11","0"
"00370500","William and Mary Law School","2017","2016","168","110","58","0","13","64","34","30","0","5","104","76","28","0","8","","","","","",""
"00370500","William and Mary Law School","2018","2017","172","110","62","0","13","55","31","24","0","3","117","79","38","0","10","8","8","0","21","16","5"
"00370500","William and Mary Law School","2019","2018","156","103","53","0","13","46","25","21","0","2","110","78","32","0","11","8","8","0","24","19","5"
"00374400","University of Richmond","2017","2016","153","85","68","0","13","53","25","28","0","4","100","60","40","0","9","","","","","",""
"00374400","University of Richmond","2018","2017","139","78","61","0","11","52","26","26","0","5","87","52","35","0","6","9","9","0","8","8","0"
"00374400","University of Richmond","2019","2018","130","74","56","0","12","52","27","25","0","5","78","47","31","0","7","9","9","0","9","9","0"
"00374500","University of Virginia","2017","2016","246","182","64","0","18","94","66","28","0","12","152","116","36","0","6","","","","","",""
"00374500","University of Virginia","2018","2017","237","167","70","0","23","89","61","28","0","13","148","106","42","0","10","15","15","0","33","30","3"
"00374500","University of Virginia","2019","2018","238","159","79","0","24","85","57","28","0","15","153","102","51","0","9","15","15","0","36","33","3"
"00374900","George Mason University","2017","2016","201","151","50","0","26","44","35","9","0","7","157","116","41","0","19","","","","","",""
"00374900","George Mason University","2018","2017","212","148","64","0","32","51","38","13","0","9","161","110","51","0","23","10","5","5","12","12","0"
"00374900","George Mason University","2019","2018","213","149","64","0","27","52","39","13","0","7","161","110","51","0","20","9","5","4","15","13","2"
"00376800","Washington and Lee University","2017","2016","100","73","27","0","10","36","22","14","0","7","64","51","13","0","3","","","","","",""
"00376800","Washington and Lee University","2018","2017","92","63","29","0","9","38","22","16","0","8","54","41","13","0","1","6","6","0","13","13","0"
"00376800","Washington and Lee University","2019","2018","90","62","28","0","12","34","20","14","0","7","56","42","14","0","5","6","6","0","10","10","0"
"00377800","Gonzaga University","2017","2016","117","67","50","0","8","23","7","16","0","4","94","60","34","0","4","","","","","",""
"00377800","Gonzaga University","2018","2017","66","41","25","0","7","22","8","14","0","4","44","33","11","0","3","4","4","0","11","7","4"
"00377800","Gonzaga University","2019","2018","77","48","29","0","10","24","12","12","0","6","53","36","17","0","4","4","4","0","8","8","0"
"00379001","Seattle University","2017","2016","213","116","97","0","40","59","29","30","0","18","154","87","67","0","22","","","","","",""
"00379001","Seattle University","2018","2017","166","93","73","0","37","53","28","25","0","16","113","65","48","0","21","0","0","0","19","17","2"
"00379001","Seattle University","2019","2018","167","94","73","0","37","49","25","24","0","15","118","69","49","0","22","0","0","0","17","15","2"
"00379800","University of Washington","2017","2016","189","117","72","0","23","64","29","35","0","12","125","88","37","0","11","","","","","",""
"00379800","University of Washington","2018","2017","179","103","76","0","22","60","26","34","0","11","119","77","42","0","11","11","11","0","13","13","0"
"00379800","University of Washington","2019","2018","167","105","62","0","25","54","24","30","0","13","113","81","32","0","12","11","5","6","1","1","0"
"00382700","West Virginia University","2017","2016","64","41","23","0","5","43","26","17","0","5","21","15","6","0","0","","","","","",""
"00382700","West Virginia University","2018","2017","58","33","25","0","4","37","19","18","0","4","21","14","7","0","0","4","4","0","13","11","2"
"00382700","West Virginia University","2019","2018","62","33","29","0","4","35","17","18","0","4","27","16","11","0","0","5","5","0","16","16","0"
"00386300","Marquette University","2017","2016","133","77","56","0","7","39","21","18","0","3","94","56","38","0","4","","","","","",""
"00386300","Marquette University","2018","2017","120","75","45","0","10","39","22","17","0","4","81","53","28","0","6","9","5","4","17","17","0"
"00386300","Marquette University","2019","2018","124","76","48","0","12","37","21","16","0","4","87","55","32","0","8","8","5","3","15","15","0"
"00389500","University of Wisconsin","2017","2016","134","72","62","0","21","67","27","40","0","16","67","45","22","0","5","","","","","",""
"00389500","University of Wisconsin","2018","2017","116","61","55","0","17","60","25","35","0","13","56","36","20","0","4","12","11","1","17","15","2"
"00389500","University of Wisconsin","2019","2018","121","64","57","0","22","65","26","39","0","16","56","38","18","0","6","11","10","1","13","13","0"
"00393200","University of Wyoming","2017","2016","36","20","16","0","6","27","15","12","0","5","9","5","4","0","1","","","","","",""
"00393200","University of Wyoming","2018","2017","40","22","18","0","6","25","14","11","0","5","15","8","7","0","1","4","4","0","1","1","0"
"00393200","University of Wyoming","2019","2018","35","20","15","0","6","23","13","10","0","5","12","7","5","0","1","2","2","0","1","1","0"
"00393600","Pontifical Catholic University of P.R.","2017","2016","70","51","19","0","69","35","23","12","0","35","35","28","7","0","34","","","","","",""
"00393600","Pontifical Catholic University of P.R.","2018","2017","70","51","19","0","69","36","24","12","0","36","34","27","7","0","33","8","7","1","8","8","0"
"00393600","Pontifical Catholic University of P.R.","2019","2018","65","45","20","0","65","35","22","13","0","35","30","23","7","0","30","4","4","0","8","8","0"
"00393801","Inter American University of Puerto Rico","2017","2016","95","65","30","0","91","31","18","13","0","30","64","47","17","0","61","","","","","",""
"00393801","Inter American University of Puerto Rico","2018","2017","98","67","31","0","94","33","19","14","0","32","65","48","17","0","62","7","6","1","1","1","0"
"00393801","Inter American University of Puerto Rico","2019","2018","99","66","33","0","96","31","18","13","0","30","68","48","20","0","66","7","6","1","1","1","0"
"00394200","University of Puerto Rico","2017","2016","131","71","59","1","127","62","35","27","0","58","69","36","32","1","69","","","","","",""
"00394200","University of Puerto Rico","2018","2017","122","70","52","0","119","52","32","20","0","49","70","38","32","0","70","8","7","1","6","5","1"
"00394200","University of Puerto Rico","2019","2018","120","68","52","0","118","48","30","18","0","47","72","38","34","0","71","2","2","0","6","6","0"
"00394700","University of California-Hastings","2017","2016","233","134","99","0","43","72","40","32","0","20","161","94","67","0","23","","","","","",""
"00394700","University of California-Hastings","2018","2017","253","147","106","0","43","74","38","36","0","17","179","109","70","0","26","9","9","0","48","48","0"
"00394700","University of California-Hastings","2019","2018","219","122","97","0","41","73","38","35","0","17","146","84","62","0","24","9","9","0","52","49","3"
"00396900","University of Minnesota","2017","2016","212","138","74","0","15","74","44","30","0","10","138","94","44","0","5","","","","","",""
"00396900","University of Minnesota","2018","2017","200","131","69","0","15","62","37","25","0","7","138","94","44","0","8","12","11","1","28","21","7"
"00396900","University of Minnesota","2019","2018","214","137","77","0","15","67","42","25","0","6","147","95","52","0","9","12","11","1","14","10","4"
"00497700","South Texas College of Law","2017","2016","102","68","34","0","17","65","40","25","0","12","37","28","9","0","5","","","","","",""
"00497700","South Texas College of Law","2018","2017","107","66","41","0","16","62","38","24","0","12","45","28","17","0","4","5","5","0","10","10","0"
"00497700","South Texas College of Law","2019","2018","103","66","37","0","19","64","39","25","0","15","39","27","12","0","4","5","5","0","10","10","0"
"00891600","New England Law | Boston","2017","2016","121","71","50","0","8","31","19","12","0","4","90","52","38","0","4","","","","","",""
"00891600","New England Law | Boston","2018","2017","107","59","48","0","10","29","18","11","0","4","78","41","37","0","6","8","6","2","1","1","0"
"00891600","New England Law | Boston","2019","2018","100","59","41","0","6","27","16","11","0","4","73","43","30","0","2","5","4","1","12","12","0"
"00927500","Northern Kentucky University","2017","2016","70","47","23","0","8","32","20","12","0","5","38","27","11","0","3","","","","","",""
"00927500","Northern Kentucky University","2018","2017","72","52","20","0","7","26","16","10","0","5","46","36","10","0","2","0","0","0","5","5","0"
"00927500","Northern Kentucky University","2019","2018","58","41","17","0","10","26","17","9","0","6","32","24","8","0","4","4","3","1","10","5","5"
"00963500","Florida International University","2017","2016","88","56","32","0","40","32","18","14","0","15","56","38","18","0","25","","","","","",""
"00963500","Florida International University","2018","2017","89","59","30","0","44","35","19","16","0","16","54","40","14","0","28","5","3","2","18","18","0"
"00963500","Florida International University","2019","2018","101","63","38","0","48","35","20","15","0","16","66","43","23","0","32","5","3","2","18","18","0"
"01014205","Touro College","2017","2016","100","56","44","0","8","44","22","22","0","4","56","34","22","0","4","","","","","",""
"01014205","Touro College","2018","2017","94","57","37","0","10","36","17","19","0","3","58","40","18","0","7","4","4","0","18","17","1"
"01014205","Touro College","2019","2018","83","49","34","0","9","31","16","15","0","3","52","33","19","0","6","4","4","0","16","16","0"
"01014913","Pepperdine University","2017","2016","132","92","40","0","17","52","33","19","0","9","80","59","21","0","8","","","","","",""
"01014913","Pepperdine University","2018","2017","139","95","44","0","21","47","28","19","0","9","92","67","25","0","12","3","3","0","1","1","0"
"01014913","Pepperdine University","2019","2018","185","126","59","0","38","44","28","16","0","9","141","98","43","0","29","3","3","0","13","13","0"
"01039501","University of San Diego","2017","2016","160","107","53","0","17","60","43","17","0","4","100","64","36","0","13","","","","","",""
"01039501","University of San Diego","2018","2017","145","102","43","0","12","53","39","14","0","4","92","63","29","0","8","9","7","2","5","5","0"
"01039501","University of San Diego","2019","2018","164","108","56","0","14","51","33","18","0","4","113","75","38","0","10","11","9","2","5","5","0"
"01085400","Thomas Jefferson School of Law","2017","2016","98","53","45","0","17","41","18","23","0","8","57","35","22","0","9","","","","","",""
"01085400","Thomas Jefferson School of Law","2018","2017","88","47","41","0","15","40","17","23","0","8","48","30","18","0","7","4","4","0","1","1","0"
"01085400","Thomas Jefferson School of Law","2019","2018","69","38","31","0","11","27","12","15","0","5","42","26","16","0","6","2","2","0","1","1","0"
"01164901","Loyola Marymount University-Los Angeles","2017","2016","187","112","75","0","38","69","35","34","0","13","118","77","41","0","25","","","","","",""
"01164901","Loyola Marymount University-Los Angeles","2018","2017","192","113","79","0","41","64","33","31","0","10","128","80","48","0","31","12","11","1","29","29","0"
"01164901","Loyola Marymount University-Los Angeles","2019","2018","185","100","80","5","43","63","32","30","1","11","122","68","50","4","32","11","11","0","38","38","0"
"01193400","Vermont Law School","2017","2016","149","85","64","0","10","59","24","35","0","6","90","61","29","0","4","","","","","",""
"01193400","Vermont Law School","2018","2017","167","94","73","0","9","65","26","39","0","4","102","68","34","0","5","5","5","0","18","17","1"
"01193400","Vermont Law School","2019","2018","109","50","59","0","4","37","13","24","0","3","72","37","35","0","1","5","5","0","18","17","1"
"01262700","Western Michigan University","2017","2016","235","156","79","0","30","54","30","24","0","8","181","126","55","0","22","","","","","",""
"01262700","Western Michigan University","2018","2017","232","152","80","0","33","54","28","26","0","9","178","124","54","0","24","22","12","10","45","45","0"
"01262700","Western Michigan University","2019","2018","226","140","86","0","35","56","27","29","0","9","170","113","57","0","26","23","13","10","43","43","0"
"01310300","California Western School of Law","2017","2016","121","68","53","0","19","36","21","15","0","6","85","47","38","0","13","","","","","",""
"01310300","California Western School of Law","2018","2017","119","66","53","0","17","31","18","13","0","7","88","48","40","0","10","8","7","1","28","27","1"
"01310300","California Western School of Law","2019","2018","114","59","55","0","22","31","18","13","0","8","83","41","42","0","14","7","7","0","27","26","1"
"02053000","Liberty University","2017","2016","41","31","10","0","9","27","19","8","0","8","14","12","2","0","1","","","","","",""
"02053000","Liberty University","2018","2017","35","26","9","0","7","22","16","6","0","6","13","10","3","0","1","3","3","0","1","1","0"
"02053000","Liberty University","2019","2018","31","24","7","0","6","19","15","4","0","4","12","9","3","0","2","3","3","0","1","1","0"
"02179937","Western State College of Law","2017","2016","52","31","21","0","15","22","10","12","0","9","30","21","9","0","6","","","","","",""
"02179937","Western State College of Law","2018","2017","63","36","27","0","16","22","10","12","0","9","41","26","15","0","7","4","3","1","11","11","0"
"02179937","Western State College of Law","2019","2018","57","30","27","0","18","21","8","13","0","7","36","22","14","0","11","4","3","1","8","8","0"
"03091300","Regent University","2017","2016","53","38","15","0","4","27","18","9","0","3","26","20","6","0","1","","","","","",""
"03091300","Regent University","2018","2017","38","28","10","0","6","20","14","6","0","3","18","14","4","0","3","2","2","0","1","1","0"
"03091300","Regent University","2019","2018","41","30","11","0","5","20","14","6","0","3","21","16","5","0","2","2","2","0","1","1","0"
"03173300","Atlanta's John Marshall Law School","2017","2016","91","44","47","0","22","26","12","14","0","4","65","32","33","0","18","","","","","",""
"03173300","Atlanta's John Marshall Law School","2018","2017","59","30","29","0","15","34","19","15","0","7","25","11","14","0","8","6","6","0","11","11","0"
"03173300","Atlanta's John Marshall Law School","2019","2018","51","25","26","0","11","27","14","13","0","5","24","11","13","0","6","3","3","0","17","17","0"
"03191300","City University of New York","2017","2016","63","21","42","0","23","51","17","34","0","18","12","4","8","0","5","","","","","",""
"03191300","City University of New York","2018","2017","79","28","51","0","29","51","14","37","0","20","28","14","14","0","9","9","8","1","15","15","0"
"03191300","City University of New York","2019","2018","95","33","62","0","39","64","22","42","0","27","31","11","20","0","12","5","5","0","21","21","0"
"03374300","Florida Coastal School of Law","2017","2016","84","32","52","0","19","39","15","24","0","5","45","17","28","0","14","","","","","",""
"03374300","Florida Coastal School of Law","2018","2017","63","28","35","0","13","30","11","19","0","5","33","17","16","0","8","2","2","0","16","15","1"
"03374300","Florida Coastal School of Law","2019","2018","37","20","17","0","8","13","6","7","0","2","24","14","10","0","6","1","1","0","8","6","2"
"03559300","Appalachian School of Law","2017","2016","20","13","7","0","1","10","8","2","0","0","10","5","5","0","1","","","","","",""
"03559300","Appalachian School of Law","2018","2017","21","15","6","0","2","12","10","2","0","1","9","5","4","0","1","2","2","0","2","2","0"
"03559300","Appalachian School of Law","2019","2018","23","16","7","0","2","12","9","3","0","0","11","7","4","0","2","2","2","0","2","2","0"
"03691400","Ave Maria School of Law","2017","2016","46","31","15","0","3","23","16","7","0","2","23","15","8","0","1","","","","","",""
"03691400","Ave Maria School of Law","2018","2017","41","28","13","0","2","20","14","6","0","2","21","14","7","0","0","4","3","1","11","11","0"
"03691400","Ave Maria School of Law","2019","2018","41","26","15","0","2","23","14","9","0","2","18","12","6","0","0","4","3","1","11","11","0"
"04096300","Charleston School of Law","2017","2016","76","40","36","0","5","26","12","14","0","5","50","28","22","0","0","","","","","",""
"04096300","Charleston School of Law","2018","2017","81","48","33","0","2","25","14","11","0","2","56","34","22","0","0","4","3","1","22","22","0"
"04096300","Charleston School of Law","2019","2018","83","48","35","0","2","22","11","11","0","2","61","37","24","0","0","3","3","0","21","21","0"
"04131400","Arizona Summit Law School","2017","2016","55","27","28","0","12","26","8","18","0","7","29","19","10","0","5","","","","","",""
"04131400","Arizona Summit Law School","2018","2017","38","16","22","0","11","18","5","13","0","5","20","11","9","0","6","4","3","1","10","10","0"
"04242101","UNT Dallas College Of Law","2017","2016","70","45","25","0","12","16","11","5","0","5","54","34","20","0","7","","","","","",""
"04242101","UNT Dallas College Of Law","2018","2017","55","34","21","0","10","19","10","9","0","7","36","24","12","0","3","3","3","0","18","16","2"
"04242101","UNT Dallas College Of Law","2019","2018","41","24","17","0","12","21","9","12","0","9","20","15","5","0","3","4","4","0","16","14","2"
